Running Test Case 01
X Set: [130.0, 650.0, 99.0, 150.0, 128.0, 302.0, 95.0, 945.0, 368.0, 961.0]
Y Set: [186.0, 699.0, 132.0, 272.0, 291.0, 331.0, 199.0, 1890.0, 788.0, 1601.0]
B0: -22.552532752034267
B1: 1.727932426206986
Rxy: 0.9544965741046826
R2: 0.9110637099775758
Xk: 386.0
Yk: 644.4293837638623

Running Test Case 02
X Set: [130.0, 650.0, 99.0, 150.0, 128.0, 302.0, 95.0, 945.0, 368.0, 961.0]
Y Set: [15.0, 69.9, 6.5, 22.4, 28.4, 65.9, 19.4, 198.7, 38.8, 138.2]
B0: -4.038881574687551
B1: 0.16812664988162895
Rxy: 0.9333068981405511
R2: 0.871061766116737
Xk: 386.0
Yk: 60.858005279621224

Running Test Case 03
X Set: [130.0, 650.0, 99.0, 150.0, 128.0, 302.0, 95.0, 945.0, 368.0, 961.0]
Y Set: [186.0, 699.0, 132.0, 272.0, 291.0, 331.0, 199.0, 1890.0, 788.0, 1601.0]
B0: -23.92388825291539
B1: 1.430966943551199
Rxy: 0.9631140931490527
R2: 0.9275887564223222
Xk: 386.0
Yk: 528.4293519578474

Running Test Case 04
X Set: [130.0, 650.0, 99.0, 150.0, 128.0, 302.0, 95.0, 945.0, 368.0, 961.0]
Y Set: [15.0, 69.9, 6.5, 22.4, 28.4, 65.9, 19.4, 198.7, 38.8, 138.2]
B0: -4.6037454233089505
B1: 0.14016352638883628
Rxy: 0.9480329874300507
R2: 0.8987665452555467
Xk: 386.0
Yk: 49.49937576278185